15 0.068493 0.665072 0.126027 0.157895
15 0.103425 0.507177 0.132877 0.143541
15 0.188356 0.417464 0.105479 0.203349
15 0.280137 0.295455 0.105479 0.145933
15 0.445205 0.255981 0.126027 0.196172
15 0.675342 0.252392 0.139726 0.184211
15 0.563014 0.196172 0.150685 0.220096
15 0.551370 0.411483 0.141096 0.267943
15 0.697945 0.389952 0.157534 0.272727
15 0.802055 0.588517 0.143836 0.291866
15 0.122603 0.775120 0.138356 0.253589
15 0.188356 0.624402 0.130137 0.244019
15 0.279452 0.468900 0.147945 0.244019
15 0.300685 0.669856 0.152055 0.306220
15 0.439726 0.633971 0.123288 0.229665
15 0.421233 0.437799 0.171233 0.267943
15 0.597260 0.616029 0.139726 0.251196
15 0.710274 0.606459 0.132877 0.227273
15 0.696575 0.415072 0.160274 0.208134
15 0.373288 0.848086 0.165753 0.260766
15 0.473288 0.816986 0.154795 0.265550
15 0.592466 0.822967 0.124658 0.272727
15 0.706164 0.800239 0.130137 0.270335
15 0.826027 0.800239 0.172603 0.246411
