15 0.306849 0.357656 0.090411 0.141148
15 0.317123 0.534689 0.146575 0.179426
15 0.384247 0.130383 0.119178 0.169856
15 0.513699 0.147129 0.104110 0.255981
15 0.713014 0.233254 0.132877 0.179426
15 0.706849 0.418660 0.131507 0.210526
15 0.680137 0.643541 0.135616 0.224880
15 0.556164 0.624402 0.120548 0.220096
15 0.471233 0.394737 0.147945 0.234450
15 0.450685 0.607656 0.115068 0.215311
15 0.365753 0.717703 0.101370 0.157895
15 0.408904 0.857656 0.141096 0.212919
15 0.541096 0.875598 0.139726 0.244019
15 0.645890 0.843301 0.143836 0.275120
